    a b c
 A 0.106134 0.059686 0.062796
 C 0.013200 0.019820 0.015719
 D 0.049837 0.043423 0.072972
 E 0.091491 0.050432 0.058141
 F 0.041080 0.052439 0.032509
 G 0.034454 0.067148 0.108530
 H 0.021396 0.023232 0.024904
 I 0.060069 0.085248 0.037289
 K 0.068427 0.050830 0.060637
 L 0.121081 0.093883 0.068519
 M 0.026845 0.020555 0.022728
 N 0.032872 0.032855 0.057896
 P 0.023658 0.027213 0.076311
 Q 0.048216 0.029758 0.034650
 R 0.059596 0.045907 0.046746
 S 0.049883 0.055435 0.075226
 T 0.041552 0.064133 0.059066
 V 0.062080 0.117532 0.048200
 W 0.014381 0.015942 0.010063
 Y 0.033735 0.044513 0.027079